4317
7466
-2377
-1134
9168
-6965
-4883
-9397
4870
1404
-6443
-9725
-9874
-599
-3594
2615
-2326
-166
107
-8712
-1467
7363
2046
-7092
483
2378
-5070
-1782
-6637
4334
9295
-3618
765
6612
8984
-6639
-5307
6019
7072
-5721
-3021
4672
885
-8567
-1585
9763
-2058
-8081
3251
5579
-9503
-8314
1337
-8145
9171
-9333
-7526
4593
-7068
5520
-5742
2021
-769
-7373
-5776
-5565
-5476
-3699
5016
-1691
-511
-9954
7896
-1824
-2890
3268
-1517
7760
5674
-1021
5093
-2187
-4101
5581
-6891
-8371
-2501
-8528
-1945
-264
9328
8440
-6561
3222
9602
2729
3604
-9350
2655
277
803
-2684
-523
-6470
-9612
-4993
3573
-6979
-8124
-3969
-6153
-3355
7142
7980
-7688
4330
-1958
5456
-5983
-3365
-8466
703
-2130
9181
6941
-9754
4699
7649
-9649
-4120
4464
5846
-2596
-4791
4726
9977
3152
-265
6258
-1842
6909
-5270
2101
-4018
-3282
5796
9652
-3034
2855
6023
-9951
-6335
-1240
-3575
-1581
996
-3109
3860
-4627
-1681
-741
-4417
-5564
50
-4060
-2224
701
-6043
-7446
-528
-8935
-7533
-2644
-6973
2064
9391
4723
-1085
-918
7633
9209
281
-5725
-4592
1335
-1013
-2635
7916
-1767
-943
8930
-4214
-7150
-3482
5120
4948
-8470
-4142
-4795
-8896
-5542
1929
-5232
2234
102
-3927
6401
8891
-5835
-3370
-5160
9350
-992
948
-3571
7916
46
-2472
-4159
-5135
-576
3019
9315
3926
-8344
-4918
-7530
-4954
6780
1110
-9272
7997
3276
6986
-8679
-1537
-6144
-1127
-7667
-8869
-4412
6444
9834
3704
-3602
-8307
6690
-9721
1861
976
-9777
-9940
4095
8817
4664
2460
-5882
-3821
528
2597
-5367
-4194
-1677
5071
-6495
273
5972
6803
-8220
4170
-2083
-4642
-3783
-5398
4994
2823
-1245
142
-2389
-678
-5717
3219
2817
-4920
-5467
-2339
1559
3087
-1253
-2244
-4173
9204
-3953
1182
-5991
-6322
-848
5668
-9439
-6814
-9460
-4631
4075
8227
-6021
-766
9108
-7448
-6973
1300
-2610
8248
3329
3915
5276
9688
-9092
5197
-4732
7599
-6064
-7888
-9433
6855
2332
4919
4778
4955
3024
-2932
-788
3416
9119
4981
-9255
-4950
-2
6018
9478
-2145
1372
-8375
-2839
-8926
-6617
5298
6583
-1917
-3040
4289
6879
2860
-763
1314
6917
5752
-1180
-5806
5445
-4235
-6147
6398
-3572
6196
8572
7016
5212
1945
-8914
9070
-5577
4528
-4047
-7023
-7437
-9083
-5905
-830
4601
4962
5677
16
7098
-4888
-6781
-4788
-9606
1224
8106
6167
-338
7000
-7600
-807
8423
-8877
288
9417
-933
7492
4217
3765
6852
6285
6995
9119
7494
-7849
-9724
-3389
2277
-6733
6155
-7948
9059
-1827
-4220
-9733
2446
-9573
-424
6526
-5104
8941
9994
-7522
-7262
1182
-6148
-6490
4973
-7626
-3589
-3073
3949
2696
-5035
-8171
4124
-1254
-2622
7148
-5232
-79
7962
9600
218
-3725
-2125
5386
6557
1186
-177
9017
-8085
-6554
-9933
-9250
-2649
-2771
6335
-7530
-4237
458
934
9721
-1912
7080
511
7450
9319
-8014
-9423
-182
749
9675
-5674
976
-9296
-3338
7563
-4225
-1981
-5587
8438
4700
-4506
6460
-2816
-9906
1595
6808
8269
-2584
-6342
-2650
2777
-8037
-4342
8056
-5931
-7681
8817
4945
-3759
4114
-6403
-2265
9616
549
-7342
1615
6283
1121
5915
-9309
4368
2915
2442
3577
6680
5359
-9074
1464
1685
1403
-5065
-722
5295
394
9438
-4742
259
-4596
4118
7080
96
-4699
768
7527
3022
-7842
6888
8759
262
2552
-852
-3981
9014
3437
-228
-7950
3456
-6059
-6027
4927
-6306
1203
544
7301
-5722
4684
5358
8334
-9695
-7625
1529
1948
2568
-207
4155
-8314
-632
3824
-2198
-8273
2199
1435
7708
-1222
-9987
-8563
5715
-8503
-1061
-1289
2912
-6496
9519
3103
-2002
1558
2892
8172
5108
6001
-8554
6404
1744
-2809
-3791
-1523
-8142
-5311
7098
5443
-430
3329
-1443
-688
9282
4353
29
5589
-8378
-4867
-6820
-3775
541
830
-6434
2980
3152
1849
1078
-2140
7629
6660
-8654
3057
-4933
-228
-1710
217
2272
1575
-2533
-1590
5572
-2571
90
-2235
1167
-5328
-4174
-9855
8209
2808
-804
-285
9787
-5099
4197
-1112
-1748
2477
2661
-5267
-9803
1263
-4346
-1553
8817
-3723
-6279
2038
-5379
-3197
-2964
2973
8273
-4701
9576
-7533
2989
-1558
-7348
2286
-4664
5895
8466
-9859
7921
-6020
8775
3539
568
549
933
-4155
5374
6295
-4543
-1668
6896
4483
8869
-2629
-6750
-8129
-8370
-1982
7686
9679
2114
2360
-8421
-5520
-641
4725
-7123
4619
7919
7281
7760
1732
2959
-5134
-9391
5756
6989
683
-9096
7423
9174
1573
969
-119
5127
-3167
-6422
-9445
-8964
4165
3904
5041
-3843
-4729
-331
2801
-3764
-6189
-720
-181
9300
-5128
-2183
-1127
-1835
3098
-8273
738
4343
2561
7736
2418
6518
5434
3759
7684
-6732
3633
-8945
3855
-9139
-3115
9611
-5206
3588
-4829
1110
8456
8017
5412
-7410
5736
-1979
-1836
-4029
-1278
-9653
-9075
6684
3064
4385
8366
-3099
-8892
-1876
8618
1716
-3014
-8058
3500
5671
-6206
6029
-9493
-2430
-7397
2442
242
-1632
-5507
-4472
-1484
-4414
8111
2986
-5905
-2890
-286
771
-9667
6455
-4013
-3621
9294
-786
-5873
3036
-4940
9135
1839
-4219
-4956
-8921
3073
6829
-3853
-2232
-1039
-5150
8539
3879
4700
5897
-8441
8082
1411
5213
319
-8509
-402
-3905
-3974
846
3927
-6599
8925
-8465
-5875
-4465
4803
-7040
-5876
-292
-8333
4371
2793
-3904
3386
-2153
-5102
6586
-7517
7959
9284
5854
-5510
4681
9436
-5551
9379
-4025
857
-744
8709
-159
3196
6105
-9676
6998
8276
2504
1379
9252
-8885
-7974
8696
4977
5419
3850
5386
7984
3903
-4422
-5794
7261
-9204
-8950
3831
4418
-8254
4342
4658
4693
9649
2464
9384
-2527
-391
7780
6904
4112
-4837
9082
-9705
1431
413
8182
-4473
-5018
-5873
7715
-8487
-1073
1285
7540
-3977
-9569
6833
8705
4066
8303
7358
-2111
2078
2665
-7758
8112
-802
-6508
8509
308
1948
4505
-6442
6198
5433
-9687
-3363
8975
-9329
-9501
-4144
-4645
-5695
-859
-6525
-5694
-1135
-4237
-131
-4886
-1279
4072
-5514
-778
6828
-1741
-9737
-3150
-3938
-5011
1746
-8114
2660
4831
7493
260
-7841
7152
-5996
-6245
2748
8910
-3663
-3683
-8019
-9631
8124
-1867
-1401
5858
2644
-8123
8221
5432
-3255
7746
2872
1437
3402
7428
-3471
-4157
-9783
-5115
8522
-4980
-8550
-5501
-5433
6387
1270
6560
7259
-5787
-9502
204
2348
-4550
-2852
3429
-3341
-1067
-2034
3098
-1123
-585
-6478
4548
-9518
-5969
-4324
7584
5184
-6268
-7504
4458
6614
-1355
-2362
-3648
-991
-5693
-494
-707
2219
9679
-5425
-1782
5051
634
-3752
9361
-1825
2405
2959
9251
-8931
-7930
5239
6346
-2587
8810
-5684
-6743
-8233
-7668
-4948
1620
8231
6102
-2189
7735
6268
4065
-9358
6751
2039
-8771
-8701
1586
-4781
3776
-7864
-8399
-3104
-8419
8743
345
7309
-7072
-2503
-4191
1643
6206
-1804
-8320
6554
-5170
-83
7721
-5988
8086
3098
7158
7621
-7101
571
2446
-6934
-9637
48
-8184
-5414
-2262
-6901
1516
-4889
8783
-5412
6533
5463
-6580
-9089
-4983
9567
647
-1834
-661
1742
-6114
6058
-3414
-6572
-9
-1782
-2264
242
-2242
7212
-9664
-4305
5000
-7221
849
5554
2433
-9902
3952
2315
-6095
9204
1373
-2246
-9461
5265
5208
-2521
3385
3149
-4083
5247
-571
2370
7170
-4618
-7321
3387
861
540
9923
-6697
1143
1412
-1227
-2236
-7995
991
3581
4549
3496
-3164
6019
1450
3580
2432
4733
-7223
7963
9882
-8022
7043
-9949
7620
4818
5191
-3313
-6284
-572
2001
-3419
5738
-9161
5102
-6013
-4355
6300
7795
2314
5661
-6071
7353
-6479
8132
445
-1276
-2601
664
3395
-5964
-7409
-9825
-227
-1392
4858
5036
4616
1677
4558
-6723
-6478
-6791
3671
-3982
7658
1491
9224
6707
4207
9979
1638
-479
-7808
-3451
-7669
2157
-2953
8167
187
358
-700
9889
7863
-5536
-8388
2472
2724
2336
6791
5726
-6939
-526
6763
-2589
5673
200
-4558
-1924
-2574
-793
1575
-6128
-3502
8175
7186
6597
-4954
1806
2978
-2430
6165
-1756
-7594
7271
-7380
-1276
-1699
6935
-7773
-9710
-6633
-1641
-737
2238
-160
-5677
-7403
9703
-8091
1743
-9451
3833
7012
-6948
-9160
-6770
3459
7205
9128
1626
7464
5295
-7954
889
2964
1022
1138
1110
-3677
-8815
3365
1343
-8532
4253
-343
-9265
6215
-7465
567
-4785
723
-1169
-6545
2270
9026
8355
1028
-809
-4786
2437
4472
-437
973
40
-1814
-506
7593
-668
-7166
9032
1944
-5759
-1224
3510
-5444
-3424
4903
415
9944
7594
-9993
8079
-7017
3464
-9934
6600
8990
-9379
7245
3209
2701
3232
-6214
998
1795
580
9668
-2705
-2398
8900
-4874
7552
-3348
2338
4020
4728
732
-8895
6711
-68
-2061
7646
-4860
-3169
-9253
2282
2227
1886
-7794
-4515
-5456
4646
6629
7640
-9578
4350
-9329
8519
5938
-584
701
-4521
1079
-1252
7416
-1054
4998
-7074
-2524
-2180
6835
-7828
-1210
-3328
4286
-7908
-7885
-7899
237
-7721
-962
3453
-939
-4960
-1842
6348
8091
-7345
-748
-8625
-319
8794
-5090
-2870
-6480
1407
5281
-8075
428
2629
-3746
5288
-5278
-5600
-717
-6977
-3532
-7087
-813
3944
-3172
4513
6889
518
-2584
89
2825
-1940
-7734
4798
-6868
7297
-3985
4553
9251
8471
-5021
3796
5222
1113
-3591
-1825
4294
-4786
2621
5751
-1953
4374
7199
-7821
7400
-7151
-7055
-4088
8227
4729
1020
-9519
-5721
-2843
102
-2661
6228
-2239
-338
8734
4004
-8837
-4392
-784
7777
-9556
-9424
-358
-2183
6710
-7240
-7565
4174
784
-4062
3438
-5214
2525
76
-5092
665
-7008
1143
9359
2399
-8660
-9672
5063
-8626
1447
2253
-804
1383
7817
4298
-7395
3725
-9568
6435
-8286
-5141
169
3067
-8544
8796
-9227
-9658
6011
6960
-2194
-942
9186
-3394
8916
-2064
86
-1295
-8401
-8610
-2085
7922
-779
3993
2263
794
6759
-4948
2719
7571
8370
-735
-8612
-1691
4313
-8162
7566
7459
1425
-822
694
3378
8529
3685
8180
-5482
-8769
5502
296
734
4216
2538
4779
3028
-7652
-6438
-965
-4837
-6070
-1040
-3055
6403
3612
-9687
-9577
-6860
-4340
-2538
5720
8817
-62
-5342
-662
-3208
-6614
-4636
3088
7525
6573
3582
9882
6001
9501
-629
3723
3987
-4691
2301
3443
4736
9241
5073
-7915
-1100
2786
2133
-7825
7721
-5533
8455
-5805
-9161
98
8609
-9366
-2778
3163
-6280
4154
7098
1750
-4053
6652
4754
-7279
5252
-6330
497
1218
-2883
6822
5699
-4348
-9111
3240
1947
5465
-9250
3395
4164
-4788
5196
2690
-753
-3780
6946
-7957
6668
4156
-6557
1464
-4707
80
1193
-9887
-9770
-5098
-3962
-3123
8753
-3360
-9563
7249
-5099
3341
7580
7596
-5689
-2849
8009
5303
4652
2597
-9511
5851
2233
-3838
-2714
4109
-2512
2532
774
-8325
6309
-4384
-6777
379
4795
7470
-9545
4293
-3111
-2866
-296
-4744
7546
-6120
6622
-5736
-3688
5641
4462
1699
9267
7891
-4037
352
-4789
-9724
-4208
3944
-2
-4460
4522
-4533
6615
2327
2218
-9604
8176
7415
3782
2299
4016
1556
-119
7131
8065
511
-447
4952
-9459
-3814
4219
-7611
-3785
-2251
5465
-2377
5701
-4231
-587
3850
-1077
-949
-930
-7296
-4259
-4069
9478
1446
-4514
-1463
-9138
-7738
8127
-477
1359
-3197
6123
-7889
-3606
8096
4812
-6020
-974
-6322
-6337
9106
-384
1738
-8508
-8177
6566
7024
-7471
5870
3754
5834
-2530
930
-8938
5124
-3943
-346
-8443
4682
8290
3908
-4526
1805
6821
-8521
-1614
-7683
-2240
3976
-2190
-7847
5734
-276
-2405
270
-414
4430
-6008
7646
-9034
951
2989
-9041
-3767
7376
-3811
4325
4070
-4392
4544
-7813
7595
-2116
7177
-1661
-4167
5459
5139
2428
3783
6395
-7999
6971
-2192
9877
-6250
890
9991
3544
9163
5627
-8292
4139
630
-7986
-6182
5666
-8214
-2032
5272
6067
5727
-4570
-296
1881
-1483
2422
-8672
479
188
-7217
-7955
83
-1448
-1791
-2189
2538
356
2407
-9359
5953
7995
-5166
-2332
-5695
4259
-9557
122
-2388
-6059
1672
-8017
-1082
-5543
809
-496
2673
6028
3665
5016
5357
1074
-1656
-3603
7612
340
-7414
-8338
-489
2563
6555
-8834
2311
8972
501
-7763
-136
-7285
-6136
-7216
6608
7606
-7238
-3241
4665
-8970
-6531
-8943
5758
218
-6344
-7268
8364
-109
8117
2846
-8098
8176
8959
3031
284
-6082
-3769
-2119
-4232
7084
-5825
-6087
9862
116
-2792
-6728
1718
-3314
-8556
-5332
6715
7134
-2793
3936
4337
-2590
279
-8626
1011
6084
2445
8400
-6099
6301
-4195
366
-6563
-2812
-5742
1078
-1176
-934
127
-7392
3013
1968
-3037
-1864
1076
3521
-7582
-8691
-5766
-8671
-6229
2901
-5930
-4533
6657
-9192
-7469
-9495
-6004
-8045
-6121
1548
-9622
-3901
-6183
-3036
-7905
7986
2291
3113
9761
-370
501
-9712
-6502
-6011
36
854
410
9138
759
-7561
5708
-9614
3303
7951
-7600
2196
8118
-3111
5113
-8552
-187
3315
-5970
-3577
729
7194
1520
3858
3014
-4921
4274
-4783
3537
-8836
-3045
9010
2846
-3597
-1920
-4975
-865
9241
-3517
-485
-1140
756
-226
-4964
9647
-8052
-3042
1170
-2127
-3276
6495
-4317
-1781
8846
9510
-1336
-3548
4772
-2479
-5958
-7708
-9265
2501
-2034
2550
-1186
7828
-5720
-5043
8220
-1527
-1343
-7350
8721
425
4069
5841
-270
-1535
-6216
705
-3568
3493
4870
-8980
-3182
-1888
-2381
-645
-8272
6365
1019
1837
-9230
-1790
6966
3653
-612
-861
-533
7268
2149
6929
-7132
-6484
9031
-6662
-6257
1981
-4553
-8843
1163
5813
-2375
-6434
-9884
6538
