7077
555
6733
-2318
7228
9898
-9037
141
1099
5321
4159
-2924
272
1006
-1910
-4928
1179
160
-309
331
-5213
-9365
-229
616
-5665
-6835
6375
-5789
-7026
3623
9382
2847
-4774
7720
7727
-5984
-786
2756
-7502
122
2169
-6241
-4572
-8884
9085
-4499
4006
-5780
3159
-5428
-4271
-6479
-4229
-8423
-7333
8738
3198
8201
-915
477
-1846
5591
-9744
2279
2407
-2443
-2534
-848
2717
-8139
-1600
-9983
-2841
594
-6050
864
-3909
4665
9165
6797
7668
8020
9854
-9398
-7390
-4383
-467
8217
-807
836
-9991
-5621
-1172
1102
1337
691
-7731
-5652
6416
-7744
-2365
685
-8570
-5604
-3084
-8946
-6241
3705
4467
8281
-2708
6973
9236
-7310
-4524
-8139
-3225
-2818
-8636
8764
-8003
-2357
-1558
9746
-6582
8259
9287
-8301
-2832
160
6657
8981
2844
-1381
8463
8445
-7882
7892
-7260
6917
-5220
22
-7331
9586
7327
303
-1820
-1191
5917
-7322
7881
7754
1039
-8129
-2419
-2917
-9194
7333
-7836
-4974
-7958
81
-6250
858
-6153
937
5219
-8814
-9694
-3643
6681
6981
124
-5589
-6595
-474
-57
-6804
3626
1919
-4471
-9231
-6608
2497
-6314
-2537
-2935
7763
29
-2696
-7232
-2789
-5483
-9827
-1568
753
-1707
-1382
-7091
-4294
125
-1411
-3519
-3552
7945
-7485
-6550
7731
9402
-2159
1592
-9080
-7076
-613
-3491
-2448
5512
-6045
-9717
-4432
-1847
4137
7009
-5506
5518
-6543
-6924
-5468
-5551
-8561
2354
661
-4867
-6997
3576
5115
-609
5112
-4319
9585
-4810
3444
6229
-2898
-5615
794
-23
-1260
1331
-1035
-5519
4585
-9393
-3513
-3723
6787
5806
-1611
2197
9363
-6951
-6631
-2617
9302
-8345
-8760
-7043
-6621
2762
4952
-7294
8479
1811
9299
-3864
3043
1949
7906
1034
-602
-8134
7567
1053
8269
-3698
-1306
2683
-9682
8637
-1961
-1150
-7402
4026
-2202
4027
-5106
-4744
-783
6468
6219
2586
-6195
55
2043
-1586
4341
2791
4744
2783
8188
-6161
-9098
6184
-1456
1847
-5947
2461
-461
-4483
3788
-7606
1281
5883
7827
1720
5753
1412
-8726
-8909
-8174
-3089
9238
4555
-9160
2055
-6303
988
6759
-415
-9235
3201
7968
6757
2127
-9032
9146
2500
9686
-8914
8267
-331
4455
-547
1894
-2398
6404
-6920
-1373
-8411
5478
2103
-1193
-1381
2213
-1215
1703
-8153
9741
-3549
7081
-7184
-7520
9520
-5238
-4471
7361
-3545
6019
8846
-5153
-6573
-1328
-6654
4184
1889
7945
3544
986
-6590
-5863
5401
7051
463
-4897
-6475
-6145
-4687
590
8552
-5619
-2524
-1944
-9217
9714
-9775
1620
8457
717
5227
2789
-956
9497
6197
8840
1523
5000
-596
7056
-6137
-5006
1234
7905
-1662
-6531
-9428
-2970
3207
5070
-2214
7071
2616
-2230
1817
546
7777
-246
-1143
-7751
-6559
5669
9219
-7768
-8226
-6147
8189
-7687
-9652
-7996
2384
6542
-8513
-9686
-2037
9364
3657
-939
-2540
6341
5145
252
9718
4573
3446
1561
1770
-7613
-8378
-1016
8482
79
3700
1740
-4996
-2784
3118
6016
1384
-3080
252
9782
-6654
5971
2842
-3227
4856
3483
-6628
-2087
-3704
-4017
9791
-1498
-6827
588
4945
9596
4982
-5718
-2455
-4804
1148
-2708
2745
6498
7583
-6827
-341
-5399
7564
3839
-5542
631
5818
9727
3099
-8693
-9231
-6907
-7987
5469
-5068
9945
7591
6541
9035
-588
-8090
4482
-2817
1138
366
-71
5395
2839
4238
9199
3898
5568
3893
-5110
3930
-7947
2216
-5218
-5493
4732
-2789
1082
536
-3435
-7757
-9391
7241
6465
3184
-6743
5945
-2872
9269
-6601
-6176
4123
6217
-4194
-7833
5564
8998
802
-7492
-6922
-5860
-4709
-1583
487
3761
-106
7370
-2069
5930
-8472
-5441
-329
-3542
-9539
1656
-9498
1586
-7029
-4469
2885
2608
-427
4260
7174
-2225
-3914
-5923
-1627
1970
-1299
-4278
-3303
-1147
-6708
6622
-8092
2891
-627
-46
1854
6858
-919
-3454
-5915
5650
-6211
-3341
535
-924
6022
2343
6217
2094
-2951
-6776
1103
2522
-4549
7598
-4174
-6765
8761
-1271
-6941
8503
9554
-1840
2415
-7482
-7779
5820
6697
8087
-2579
6807
-960
-4623
4785
-3606
-9421
-9201
4336
-1015
-9814
-4216
4249
-4440
3278
4847
-5551
-23
-5821
-2041
-2599
5962
-5644
4073
276
9844
2019
2283
3135
844
5973
-4844
-4032
-7460
6595
146
-6913
5071
911
6938
2351
-299
-4970
-5321
-5153
7806
7148
5189
-3023
4197
3103
-231
4335
2132
7652
-2952
-1183
-8831
-8310
-6183
-9496
5978
3561
4547
-1402
9722
9314
-7661
2056
272
5965
-4505
-2958
-2541
-9009
7386
8250
6255
-2664
852
-542
4320
1497
8367
8307
-536
134
1923
9509
-2808
866
3399
-1707
908
-8301
7924
-1159
-1897
8048
4182
-2149
3934
-6844
9455
766
8787
-3221
1454
-5737
-9014
5393
9475
-9308
-4945
1583
-7810
-7988
9975
-8455
6389
-5902
2370
1918
-6159
9190
-6859
-2684
-8550
5301
-5009
3916
-6770
-5504
7582
9795
-2241
369
6472
6260
2592
-9848
3828
-9516
-8254
-1360
-1759
2882
1954
2627
-4717
894
682
-6502
2025
1990
-9937
5461
-2199
-7899
5858
-7419
-2118
-496
5520
-2895
-611
-1108
-5118
9066
-4476
-6587
-9582
-2458
-5346
7296
-5729
7926
-6443
-6074
-798
-6241
8931
-4505
1793
-3837
4625
8225
2860
-6845
8195
6791
2779
2803
-3426
-662
-9727
-1611
-210
6612
-4598
1362
9013
-7216
-7154
9508
-4530
7268
2180
-5769
1327
-8657
-282
-4673
6393
-1443
-6337
916
8123
-4791
6709
-5243
6440
-7541
-231
1851
8889
-652
1107
74
-7995
8604
-8860
-435
2016
-937
-4175
5942
-1734
-8192
2061
-5849
3218
4746
-4027
-4005
3029
-6710
-8609
5633
9299
-5810
2424
4257
-6931
-3072
1108
9477
3870
-7746
428
4009
166
-4408
-414
-5736
-7457
3268
4875
4741
2439
-3266
8324
-763
-3188
1597
363
7041
-1851
2621
-7915
-2112
2337
2320
-3909
4553
-8474
8844
4342
-1501
-9495
-9013
5300
-3480
-1813
1183
3224
4955
4087
-4725
-3411
2492
1995
9030
2897
-5291
-1806
-7331
3004
3752
5247
6332
-6175
-9079
4265
-5577
-6831
1721
-7425
6585
7532
-356
5662
4629
-948
6585
2272
-9482
-3071
-4938
7560
-5561
-6177
-117
6481
5254
3385
-1057
-9693
-8865
1119
-4269
6494
-2209
-1935
-325
1007
5917
9882
-1638
-5772
9506
-7711
-8010
4562
8866
-3231
8060
-161
3380
-6533
-1698
-8865
-7869
9653
-1599
4321
8527
8740
3840
8516
-2089
5287
1666
9561
-4811
1298
-6951
-1861
-8617
-3156
-4728
6302
-8138
-7746
6598
1725
-4196
6434
-319
-6416
-5889
-4588
-1601
8247
-9106
-3595
-2080
1721
-9254
3306
9864
-453
8991
-9112
2533
2356
-3948
-5157
9479
4791
-5799
4960
267
-9259
-2107
1786
8747
6663
6832
7665
3272
-8375
-4081
8486
131
6186
-4905
3042
7428
1495
-7972
-4866
1263
2734
-4532
1730
4181
4310
5961
592
9479
8669
9465
9484
-4375
-3381
-7484
26
-7225
-9810
-7964
6289
-1577
1948
-9917
977
1407
-6965
-8557
-374
-1847
9679
4532
2527
-806
-9015
-755
-1357
3171
8518
-4222
-2317
3843
5461
176
5325
-233
918
5649
-1531
390
-3348
-1336
4499
-6360
1638
9794
-3271
5529
9247
1827
2413
9387
-2663
5631
9212
4967
-1223
-8438
-1917
-4906
-8891
-3623
9251
-3359
8844
-9450
-2989
-7926
-8326
-3481
-5447
4460
-7237
-4047
8337
5400
-7419
3824
-6362
-7337
29
8777
7082
9779
9450
-9430
-1768
-3616
6343
6714
1621
-6623
-9176
264
1527
-4387
4735
2737
2147
2988
8832
-2670
1354
8616
-3309
-2502
-5112
2582
-8344
-6522
1054
7840
-4122
6752
-3643
1808
1950
3069
4438
8649
646
1804
-5398
-8805
6950
1848
-1580
790
-400
5706
5038
-346
3626
-8599
7057
1046
2320
-1631
778
1481
-8036
-2748
-4181
8668
7632
1862
-9929
9902
9147
4467
2256
-3754
-3648
-2076
-1523
-9735
-9178
-4333
-4780
10
3578
2591
5364
2411
-2791
3163
-1742
-6599
9705
-5276
-9605
2884
7631
8767
-4433
-79
3723
1107
5753
6262
-2714
4372
-7609
3578
-2907
8060
3119
-1393
-9022
-9939
3474
-4095
-5120
3012
7992
8685
-191
3046
4052
6124
-6259
-4396
-8435
3493
2850
-2471
370
3812
3308
-5946
2737
7509
9602
-1491
3079
3021
-575
8951
-4613
6470
-9541
-4821
6170
3921
-5492
-8280
1783
1842
-2407
4262
-8778
-274
9958
-9543
-6258
-3001
6745
-1179
-9985
7686
-7024
3765
-8858
-952
-1845
3211
-7978
-2986
-3230
5783
-1640
-8648
1112
-77
-3001
-3853
-1367
8939
5890
2428
-3829
-5017
-7277
597
6077
-6969
7948
-2577
-8669
8111
8354
4724
-2482
-3412
8162
-947
4645
9415
-876
-4673
-2233
812
-8312
-5129
-4085
-6278
4331
5677
8390
-1620
1363
-1196
-6387
-4558
-3133
-8346
-830
-2527
-8400
-6468
8974
8956
8847
720
6818
-3034
2597
8624
9946
4219
-7810
-3053
3448
-3114
-8507
2131
-7129
-2723
3385
-5729
5386
3227
8872
9933
6134
-1631
8625
9184
8963
3817
4040
4666
-1838
8715
-1650
-7997
4637
-9580
-7485
6389
8735
-6686
702
-8423
1291
9042
-7367
-4405
9643
-3230
-925
-2436
-5913
-4062
-4707
9570
3628
3753
3406
-5620
-9722
3130
3356
-1185
-5606
-2518
520
2862
-2834
-4895
4956
-7253
-1255
8953
4659
2695
-9084
-8702
-9701
6974
9566
6194
-5704
-2904
-2616
-408
6181
6156
4485
-662
8051
324
2305
4527
-702
-6771
3788
89
760
-4720
-6133
-3613
-3927
464
2978
5295
8267
-2258
-8480
-6956
3356
-2458
1078
-768
5548
-2167
-3380
-4840
-8692
7775
9148
-2650
-6259
4869
-2351
1802
-3146
6382
4322
-6595
2640
3774
3114
2406
-7308
-2574
-913
4703
6401
-3453
-5178
-5400
-5444
-4960
-2729
5417
2260
-8638
8346
2135
-7886
-8347
2574
-4678
-8294
5254
3608
9083
-3130
7657
8490
2434
4012
-3767
6135
5262
-6344
-4504
-8982
1657
1443
-4249
-916
-5400
-7409
5620
-7115
1369
-3992
1242
-55
8279
-6542
-3640
4397
-5758
593
-5333
5606
-7643
6356
-1907
-7540
-2213
1896
7443
-9860
9550
-3256
1776
-3336
-9172
1992
8814
8519
7032
8837
3226
452
1955
9083
-5797
1137
-6668
3174
-7966
-4486
-1728
-7475
-1140
9114
-7968
-2457
-1976
4921
2533
5976
2061
-632
-3386
1441
-1114
-31
1462
4012
-9835
5095
4615
-2994
-6634
7333
136
-382
-6590
-5455
3644
-1181
7681
-8294
-6791
7009
2942
3190
-6136
6466
-5120
-7321
-6788
3262
2458
7326
949
6965
293
-329
-3190
4957
5747
6950
-6785
-8541
8360
3447
-6233
-3375
4285
845
-1435
262
-1853
-478
-9471
1032
-4468
2853
6311
4306
-6405
-5001
2116
-2689
3713
-1316
2953
2594
3494
1124
-6306
-9506
7260
-1841
5417
2055
8592
5995
8379
-6723
-7142
-8398
-6230
1254
-401
-5127
-3172
-7236
-1329
4797
-8641
2143
2101
1402
-5318
7049
-8838
-7345
-7092
-9665
-6726
-1403
5394
1663
1926
3563
-3235
5616
8962
-3968
9865
1764
-367
6511
-9101
175
3473
2322
-3265
-3713
-5916
9045
2918
-581
3938
-3188
-6755
5600
4692
-6944
789
6575
8264
1406
9016
-4321
-5921
-6324
-5440
6125
-9631
-9102
778
9995
-8638
-3276
-2978
-5763
2714
576
-2448
-3694
5275
3628
-3606
792
-4063
564
6264
-2767
1584
-6464
5964
-6948
-252
4366
434
-1325
-5935
1779
-4311
2688
9026
2982
9187
7406
-6810
7937
-7524
-7250
-1346
-73
1541
542
8127
-6376
-5391
-9357
4673
-7383
9695
-9149
5884
-8644
-9545
5875
5827
-5478
-6300
-8895
-8286
-8757
-6731
-6909
-5725
6224
-1843
-4845
1767
9366
1538
1414
-33
-2661
1971
6306
-1817
-9793
-5182
7696
-5299
6697
5545
7566
-4638
-8613
-9312
-1043
-4408
9166
-5953
-5966
1188
-9672
-4514
-1024
-5808
-5076
1069
3007
-8761
2612
8953
-1746
8991
-7429
-1146
-7284
7677
-7921
7137
-3679
-4779
3693
2052
-6949
-9689
-4696
999
2815
930
-265
9144
4308
-6145
-4110
-1626
7709
8657
-476
1510
9422
8785
-4949
7443
-1311
-1712
2570
9248
1872
2877
6685
4300
-8869
3057
-3053
-4896
1078
-5067
-1391
6826
-8371
-3973
-4451
-9011
7136
-5566
-6851
4603
1914
8605
7084
-1636
-3488
-5188
59
-548
660
-6063
-904
-730
-2345
3886
1332
4661
4806
-6257
-6690
-9655
-1521
-7088
5939
-7583
-8427
9056
-6377
-5793
9031
3532
-3180
4350
-8706
-5729
-9853
-1115
4597
-7150
9770
4637
-2032
-437
-8004
3623
7506
-53
-6819
-1154
3690
-9026
3392
7992
5286
2831
8348
2206
-1185
1198
-9417
1751
-8927
6700
-8803
-1282
344
8515
8908
-3362
9676
3249
-9231
502
-4320
-7664
9842
5030
1316
-1111
-6363
-6913
-4075
8881
-505
-8920
4850
-2608
829
-389
-234
-2666
-1815
-1342
-1468
-4992
-5866
3173
-2410
4753
8504
-7998
3791
-7106
-6986
1744
-6760
-6259
-4838
6810
-4234
-472
-3732
-9725
8801
3148
2841
-4358
-7144
-4281
-4232
-9360
-582
-4805
2416
3165
-976
-9867
-6584
-9469
-6297
5568
-281
-2153
5329
-4789
-7008
7719
5084
7525
-7428
-4984
-6951
-2874
-3295
-8054
5470
6024
-4188
-1355
1191
4346
2866
-1500
-2205
-9075
1071
-6757
-6104
-6290
1632
-8450
2460
3822
-9465
6509
-5945
-4326
-2578
-21
-4386
-2983
-593
-2229
-1513
1399
-4553
-7827
-1092
-4176
-236
737
-7716
2570
6319
7735
4924
4226
-7231
-8623
-3676
612
-611
-2907
701
-210
934
6357
7252
7591
-4746
6022
-4219
-1321
3116
9761
-5650
-1007
-7206
-6889
-7772
8587
-9255
8210
119
2221
3555
-318
-1088
-8958
9457
8119
-4429
-5415
-3747
-4215
-7095
-5171
7038
-1551
3991
8408
7955
-5843
807
741
-7473
7624
-3620
408
4515
-1692
-8931
2557
6498
-2069
8308
-2446
-4036
-7843
5916
3862
