4438
8056
5149
1888
9238
2025
-4757
-5869
-8471
-8638
-783
6890
-3058
-4010
8088
307
-2916
7754
-3613
-6292
-5201
6005
-5157
-9324
9091
-6072
8052
-1909
-9720
-4282
7751
7144
-1867
-7886
6463
-9152
3742
-4267
-4975
6152
-5675
-3034
-4143
3145
2408
-9691
-64
9781
-1275
-9782
277
5315
-5671
-2257
-612
-8741
4115
-2852
9254
2116
6939
-5285
6640
6438
5428
3656
-1963
2444
344
1882
3942
-8078
-221
4890
5269
4694
-5531
-4072
-3099
3349
8026
-696
-8385
5586
5600
4105
-14
-405
-8371
8717
-2030
6483
7356
-5307
2917
5023
2394
8419
8954
5892
-7672
1716
-5451
-3345
2664
6537
-536
1340
-5813
-4411
5830
-2271
2436
-1038
4153
-6159
2480
6487
4984
2271
-4853
3133
9945
5937
1490
1711
-4280
3116
-5407
-8334
1088
-6268
9596
8168
1174
4217
-9109
208
723
9226
5040
2446
-3434
8563
-4506
1176
-372
-3768
-8380
6605
-4572
7606
4970
745
-3708
-5771
-8697
3903
-1703
6091
116
9172
5101
3366
-3444
9673
4074
7677
9487
7468
9037
-9269
5911
8977
-1711
-4245
1710
-1065
-8314
2148
9589
-8023
9673
-3589
3721
-3077
-4320
-3327
52
-9367
851
6166
-3378
-6788
-9303
-9944
9995
-3565
-208
-5302
-8785
511
817
-3693
2538
-6093
5685
-631
4383
-9843
8892
3287
9286
4052
-6483
-6848
6588
2893
8111
9267
6819
249
2660
9286
705
7081
-7768
8999
-811
-550
6382
-9593
-6896
502
-734
3997
899
6276
-4520
3114
-7921
-8154
-428
5745
-4115
7153
-3670
8590
-5106
-1507
1249
4594
-2954
-1585
9796
1942
6246
1337
5814
-6559
-6476
3303
-4358
-7144
9097
1694
1799
9300
5272
8622
2445
-8046
1586
-9604
4182
-4007
8016
-1829
-8022
2131
1172
-3019
7264
7977
7022
-4710
-3496
1367
1010
1319
4056
-941
7665
-2219
7900
3020
5477
2822
-784
-918
7441
7481
-6615
-1126
2012
-3206
-5279
-8466
2774
7157
3035
233
2493
-1666
7891
-6613
4131
-7780
3611
-3730
-1790
5561
9508
-3812
6112
7056
-1682
-7510
3767
7182
5913
-7140
-1797
7354
457
-431
-6408
-2720
-6603
-9130
-6199
1655
6086
914
-9072
-632
5680
-2933
691
-2922
-3845
-4735
4814
9443
-5871
8833
-6502
9494
-6125
-8400
548
-2602
6087
-1957
8716
-5121
9774
-8196
-6756
-4432
2957
1060
8140
-3495
3484
1
9351
-8179
-9246
6402
-6982
-2638
-7920
4651
4634
-1256
-2867
-5300
6766
5760
-3947
7690
2398
-678
1547
1675
-9558
-1204
-6798
4390
-2253
5952
134
3240
-3001
3366
-3318
6386
-696
-1596
6809
7272
-5126
4379
-1790
2914
7143
-5759
7715
-7828
-7721
2428
-614
-7297
-3447
-4023
-2545
2609
-836
-6644
8543
-803
-8178
-4563
-5318
-5093
3013
-7074
5372
-4909
-661
8998
-5633
-3854
-532
8788
629
1733
-3555
-7905
5315
-3271
4384
5792
9785
-1665
2005
-5447
3967
4751
4787
5952
8288
8735
7103
-7112
-9453
7982
5907
-1103
6600
-3625
-6680
584
-3426
-8265
1547
6463
-5697
4052
2001
-4103
-5937
5479
9648
2212
-2551
-9242
4391
-1238
-5964
5368
623
3890
3000
-5215
-2922
-8514
6327
8255
-6696
-5964
-1005
-8257
3276
-3207
-1919
7289
-1466
-1287
-5557
-2615
-3267
-6985
1694
-9256
-7644
8777
4554
1444
343
-599
-9854
672
551
7242
1640
4183
7552
-2135
7045
7402
2555
-8024
5832
-8573
9811
-6862
-5433
395
-2629
4298
6830
5263
1920
-9335
-5644
-388
-9496
-9855
-2088
-9497
-8513
-2937
-9993
-9152
7083
4325
-9916
317
-1596
-9185
7975
-4186
7106
-9774
6923
-6492
5759
2422
-5215
-3432
1887
3718
-3033
-800
-5462
2754
-3604
8057
2963
-4723
3487
-4315
9731
-562
2768
1296
8924
-7801
2489
-3957
-8658
-2196
3341
-3565
-9795
9102
-8637
8955
1181
-3378
3879
-7591
-5792
-5291
-4725
8325
-868
860
-4832
-3846
-3895
-5774
9226
-6783
3743
-5136
4954
-8498
4187
-1267
-1046
8899
1729
7984
-7466
2150
-8084
-5138
7200
7438
-8998
989
2335
-209
-6723
-9836
1519
-6607
7597
-5086
8935
3735
9707
5222
-9042
511
-2865
-7800
-8218
-3443
-5245
5578
5647
38
-2436
1633
-7255
-4632
-7910
-5910
4789
-9894
8390
7577
-8952
7882
8535
-511
-2144
786
5182
7550
2401
453
-281
-4299
3290
-9718
-4318
3014
-2459
3876
4700
-2665
1887
-5775
-1757
-8317
5107
-9119
-7036
-3343
-6315
1273
-7170
2443
2790
-4383
2748
-3274
-6750
-3172
-3130
1052
-1494
511
6103
3379
5949
-5103
1620
-2473
33
890
9392
8338
-4281
4043
-5658
-3064
-1149
-1560
-7133
-9195
-5782
-2150
-7086
8477
975
-3915
-6785
1942
-682
1948
827
-8676
1800
-3207
7404
-1048
-1677
-8952
7871
8728
9862
2548
8384
-4125
-4541
1823
-7207
8231
1960
4957
-6395
1057
3638
-2231
-1654
-6761
-6738
3392
776
1019
-7037
-983
1907
-3498
5468
-3027
-5022
339
4970
-4358
2212
-944
4191
-9130
5252
2438
-1489
-8685
-7781
7918
-7844
-4759
5061
7304
8968
439
3852
-661
5433
-7480
-9783
6270
3183
4027
-8179
-9182
4289
-3269
188
-8740
1686
-3726
-1252
-9899
-1125
2144
-1356
3312
8530
2312
-9905
7546
-8030
2118
-3175
9758
845
-8029
-3120
-6426
5614
5993
8182
190
3145
-2965
7183
-922
3884
-4831
4087
-9690
889
-8559
-5384
-6131
5622
6851
-9399
-8387
931
-6620
-9319
-9110
4040
4417
-3600
-7210
-9813
9224
2246
-6650
-9169
-2907
1282
6066
550
-2774
-5127
-1553
6517
-1077
8862
-9698
-5945
2304
7670
-736
-4567
1764
-8570
-4354
-1671
4619
9514
-4028
-5259
-9769
4116
905
-6707
-3648
3045
2303
-6004
-9612
9614
-4060
-3627
8561
-7889
-3668
-5710
-1512
8557
-8561
1181
-3248
2767
-1778
5668
-7434
2148
-2107
9444
-5820
-8954
9985
-5942
4901
2765
7255
7204
-5741
1114
-6029
9954
-6283
-8623
-7378
3944
-9538
-2932
6680
1232
-5420
1468
3466
-166
9216
6067
7166
-380
3876
-2153
-9015
-4572
6881
9345
7514
-1866
-7018
4213
-9083
8182
1164
2345
-5888
-8047
-6186
1059
-2733
-8623
-7440
7160
8050
-7756
6064
6330
5314
-6145
1674
-4589
-3193
-7504
4199
-9222
-8225
5181
1525
-5537
-6586
6113
6445
9085
-798
-9595
-5069
-2161
-2614
-9231
5233
4481
7582
-4777
-7919
5569
-5156
-2225
-5256
-8918
-333
-1933
5494
-9777
9357
9661
4964
3922
9820
3967
8267
3167
-3264
7752
-5086
2949
-3820
-6854
9893
2447
-8668
2592
-3880
8318
419
9867
-2417
-1817
-6351
-297
4016
8292
-9263
9482
2873
-5715
2249
-5294
8597
131
6135
9607
4852
5683
7097
7369
-1706
451
6829
9207
-4533
-9286
-4646
-994
-9758
3553
-5022
-8071
6927
-7323
-8548
7228
263
-8648
-690
-4750
-3030
7031
-9938
-1715
-1807
2986
-3738
3088
7590
2167
8999
2075
3235
1063
-8506
-99
6704
2936
-4451
3979
8614
4283
659
-5636
8842
5355
-1176
9483
-805
-9580
-256
2080
2320
4713
-1290
-7967
5362
9968
3718
9331
-3505
-9041
8599
2233
4215
-812
3856
3363
9547
-7961
-5404
2432
2129
7376
-6292
4493
6911
-8800
6812
-1894
4273
4904
-1814
3167
6810
-8269
7321
9195
4307
6750
255
3125
3948
-51
-467
3380
3253
-8766
-9338
-5658
3187
-5995
4661
6299
-1505
6580
-7603
4102
-447
1815
-4353
787
-8686
-6406
9549
8667
-3395
-2666
-1188
3666
5423
1114
9889
8189
-4863
1082
8235
3858
1254
9863
8240
4416
8893
-6320
-8941
-2897
3901
3329
-3441
-8947
1201
3787
2522
2689
-528
3482
7525
-6707
-8440
4489
-3728
5027
3889
-4913
-3116
5346
-24
-8727
-2065
564
9681
-3996
-4491
-2389
669
9480
502
-8044
6763
-4516
1151
-1827
-3705
-6153
-9786
-5809
120
1333
-7258
6365
-250
-2736
-4950
-132
1540
9789
4270
-6860
9968
3110
-7551
7888
6880
841
-4246
-8773
-3023
-9172
3494
-5043
-2899
-2072
-5144
3350
9799
-8249
5021
-3245
3383
-2951
867
-8680
-4612
6132
1489
-7246
5981
4322
6965
4691
5585
4268
-6362
7102
6807
8276
3146
-8549
8147
-9167
-7194
-5462
675
-6375
-4035
-1886
-3759
-4413
-5540
-4862
3372
-6786
8251
-2482
8978
-1201
-8331
8469
8261
1632
4798
8124
-6742
-6938
4051
6849
2816
9651
6067
3853
-6283
-7537
2938
-5554
-5590
4068
-5852
622
2991
1316
-2673
6609
-8492
-8701
-4119
-8516
2372
8288
5694
7183
-1816
-6038
-2156
-8815
-2601
-1972
-9407
-4195
1081
-5097
2731
-2096
277
4635
3548
-3080
-7817
-1626
-7296
9798
1967
1827
-1070
1455
3948
-9531
5763
9192
6334
1340
2960
-2462
-9526
-5274
6840
9774
-6205
8210
5310
8533
-1955
1630
-3945
434
-2054
9879
2738
5868
-7638
-394
3001
602
-4311
7356
5971
-8064
-6403
-4891
-5556
-3365
8451
8000
8573
2297
-5691
4176
-2955
4490
-2910
2114
4496
-3875
-2134
4672
2856
3678
1115
-2065
-4531
2043
8592
3929
-6600
8062
3315
-8056
2821
850
5390
-8214
5057
-1401
9119
9638
-7933
-8593
-8039
-154
5217
9515
4146
9833
8857
-3337
-4671
-7127
-1168
-5774
2166
4119
7171
6294
3498
-2394
-416
-5332
9957
-2198
2096
-6134
8983
4110
-3123
4134
-2154
8459
-9161
-7590
7697
-5708
-2243
-2400
-7583
-4730
2704
-6452
7483
5259
-5920
-5464
-8961
-7552
-7957
-4489
7708
-146
-2577
-7123
-3613
2875
6436
9171
-2566
-3295
-2425
-7645
-3749
-7009
4910
-4805
-4064
7929
-212
-9610
-4554
4410
772
2668
-1129
943
-2143
-6780
1090
49
-9737
-6874
-1816
8696
-8790
-1043
8197
-293
8800
-98
9596
8865
1778
-1604
4708
5114
-7213
6733
1054
-5925
2978
-9303
6889
-9827
7947
-8649
-6497
-6635
6931
1691
-5443
-3321
766
7864
5522
8432
-6088
8745
-4707
8597
9608
-9868
-5877
-5320
-4006
-2752
2866
3796
5500
4210
7771
-9029
6697
-3980
-8961
650
-3528
9118
5748
6619
4737
4191
2155
2941
-9167
-5449
5011
5135
-692
9155
-2150
-5944
6516
-3626
-5840
1439
-5697
-2960
-9976
9495
-4051
9457
840
-8642
1096
-8642
-6428
-9308
1651
9456
-8265
1383
-6067
2376
7850
-290
-9014
-6850
-2626
1266
2257
4741
8764
-635
4885
-5064
8540
5281
7052
-6576
-6331
9328
-3931
4362
-5297
-9760
5061
-2047
6265
5614
-9803
-7898
8488
1796
9277
-9512
1294
-1633
-9803
872
5718
1945
6583
-1624
-1394
-3943
1020
-2810
-6919
-9827
-4675
-7290
9462
6810
-5894
4785
-5366
5608
-1599
2735
678
-1249
-7491
2467
-2603
-8460
-6320
-3657
8756
-9042
163
-7805
-3436
-5871
-4389
-4914
5983
-6487
424
-5312
-110
4651
-1242
4434
-5199
-2167
-5212
-9572
-3591
7787
5254
7908
7174
4899
3569
-3458
6269
-2198
-3671
-841
6722
-2155
9558
3960
460
7391
-1107
1789
-8855
9615
-1827
3552
2092
-4413
-9926
-4831
7732
5325
-8410
-7872
355
9323
363
5825
-3613
7594
7030
-9240
7516
249
-6552
4254
-2675
-7133
6320
3692
1550
2203
7433
-122
2287
1825
5491
8356
8347
-6225
7235
-1131
1359
-2365
-8808
-7615
3031
2339
-7677
-2507
9787
9597
-6502
5417
1871
-4786
5276
-383
-944
1552
2070
-6833
7411
669
-6102
8448
523
-3166
9218
-6542
-7821
1277
7373
884
7451
5671
2514
-5028
9612
-1132
568
3984
-1267
3162
3478
-3673
-5821
8667
-4287
-8340
3817
-4356
-2259
-4027
1064
7909
-3453
-2266
-5103
5766
8595
-2292
8220
-6070
-7064
-2836
-5653
1202
-7828
-7337
8894
6871
8366
6329
9939
-9470
6562
1089
-7586
-8069
1652
-8003
9386
2700
2388
687
3147
-6255
-9737
1878
-5395
-9097
6287
-2954
-1622
-8882
299
2494
2557
-9069
-6647
1063
-7094
5299
4453
-1768
-9254
8723
-1021
8033
5355
-4813
985
-7314
-5919
-6869
-1544
3734
-8905
-5358
1722
-5469
-4888
7805
7510
-1719
-7584
4273
-8803
-4739
4038
-1063
-6607
-5497
-1928
8071
3574
-1863
4937
3387
-1996
-1686
-2079
-6057
1200
-9943
-8379
6364
-7764
7549
-7976
819
-3082
-6522
8384
9009
-6157
565
-7966
-3142
6697
-2824
4319
6791
1433
8247
2733
-2540
-1209
9469
-5654
-2466
-5921
-9803
119
3673
114
-6638
-3827
-3762
2342
1154
1871
8534
6939
534
-3227
7388
-514
6841
-7364
3064
-9782
-2522
5523
-3606
-7101
-6594
1157
-6378
-4259
-5982
9827
4616
8940
6371
5314
2103
9826
3017
443
-2951
-8178
1877
-9150
-5003
-5278
-9340
2460
-8043
-1260
9061
-4265
-9390
9518
6776
15
-8020
2737
-7365
2212
-636
-5233
-4185
330
-3938
4549
7595
9338
-9062
-5964
-3190
128
2395
-1977
-9833
-8083
9533
-2549
-3462
1786
-8221
218
-6067
-2027
70
-167
-9771
-8357
7523
-6997
-6016
-1997
8478
-1922
9719
3921
-963
7628
-9253
1741
7362
9995
-8998
-3207
-6927
1752
-4174
6289
1733
-9693
-3908
-5521
7509
5596
-5265
-3779
-331
8872
-5551
-1249
-2224
3160
6474
7354
-1021
5239
-1519
4663
-8487
7038
-846
-484
-728
-5585
-4040
3503
-7337
-7665
-2365
744
-5722
-2018
-1889
-4645
7029
9161
8178
5755
6870
-1559
5646
9175
7696
-7657
2443
4611
-6080
-1337
1673
6076
-3865
-8239
-7583
-9211
5189
-4204
7779
6384
-8163
-6475
7961
2547
358
520
-3615
6393
-6873
1084
7417
809
-4268
7599
-1322
-1646
4989
-9001
14
9994
9403
9375
9926
5767
3265
-920
-9631
-1392
-4126
8902
2738
-3109
7899
1733
-660
-6491
-89
6983
-5176
-90
5346
-4612
-1342
-7574
6018
7491
-3702
-5920
1441
-8968
-9087
-4563
4076
-425
8426
-7503
3396
5268
-1317
-7512
-5102
8495
779
-5881
-6594
-7324
8098
-9147
-7405
978
4091
503
-2772
5754
-1
-6360
2603
1903
-1700
8747
-7061
-5131
-9828
-9215
8921
4862
4668
-947
